r=10;
c=0.000010;
